38252 2.6343248343354237
42370 2.3672841180219337
44423 2.803855036430876
30953 2.259513678084501
34347 3.875135161241383
46067 2.987394098508535
42404 2.1387891877067498
43826 3.4944341331638076
44860 2.6749370224863105
27363 1.9624686899731552
44067 1.892222717403726
41084 2.5438173296460067
44629 2.750420351701827
44825 3.2577399215627363
47412 3.3192468792666046
36579 2.483524936256511
44934 1.976155352234639
46066 3.238887513555537
42359 2.9709656423920596
42615 2.5230563141225275
44548 2.3466628572038353
47813 3.757106440389129
34214 2.170282495607505
34259 1.910401648893245
44900 2.398203762277335
45945 1.9205764549527782
45953 2.416705831007563
47348 2.1703645067036827
46074 4.0191388430147486
47278 2.3718500809949186
39680 1.9954545842508362
43518 2.8955360440628812
37068 2.915438128926994
43483 2.5529702117357553
36672 1.9292340270358315
39678 2.2592923919219
45987 2.630145141734163
46465 3.4475281810206138
40405 2.904179792547077
42399 2.5364408429180054
47888 2.933496213214556
38325 2.469329566744622
40286 3.4172476866464163
44421 2.433357580398138
35617 2.6645586647260315
34243 2.8250066842667114
42588 1.978757707644958
46316 2.5941430316189504
44482 2.255241362829424
47217 3.0609467455620742
44037 2.074222789910596
42346 2.785402913490668
42600 4.014626660558853
39771 2.6295525470787684
45061 3.192419171737337
39786 2.3930781669603602
45927 2.189454735487064
36591 3.6873334996950113
43523 1.902460549322805
38259 2.2401047146525683
39956 2.46032456836872
39038 2.2902704558123688
38213 2.4130195645060364
42780 1.8093077011391443
36607 2.402402482100223
42405 2.7037863644446696
46134 3.8694191470043737
26624 1.8460982472444538
45077 2.014098684906845
36643 2.2078804060948944
39653 2.4041208699926684
47550 3.2489108976924004
41248 2.6066890094252018
47302 2.8435433430348698
44489 2.5041788554198448
45158 2.8091067634560685
39873 3.818971324171866
46646 4.001285058430714
35611 2.319059120040328
38876 3.679513929874989
38192 2.9352042439849004
36656 3.0652078971657564
36803 2.4916650662104654
36572 2.2299919227960525
36757 1.8286894173723245
39794 1.9296225393636206
44480 1.808285307032386
45950 2.496547022901463
44418 1.8992093947292727
43527 2.0445992990309994
39715 2.1386833026825007
44647 2.9427941789822247
35570 1.835754403934972
30068 2.4995337261342065
39731 1.9119469960385396
45975 2.3317290767222816
39836 2.076303663556254
42470 2.3052263296994266
41086 2.574389982538219
44424 2.816956690382479
46038 2.383204900191665
36573 2.184233323198524
44433 1.9528433202932884
42406 2.101990564496571
43656 2.402650458825093
43550 2.9165193674582417
42472 2.7935703636432914
36559 2.4900823859638574
44444 3.055106520382073
33337 2.448169083390035
37188 2.1670735605463034
46046 3.255968321273924
38274 2.0827859542174534
32103 2.282206393942411
42348 2.2827277722026573
36621 1.972066894748264
44491 2.3154028381487888
44799 2.394559176295683
44517 2.5400789460939825
44506 2.4990842608734902
44542 3.031407806561569
41558 1.9060091249847055
43535 2.7017869578193254
47382 2.9974705967005564
38214 2.5379173030019637
41943 2.5827627005841958
44463 2.516238552339112
44511 2.643235622630893
31266 2.2780428699502266
46299 3.3146970914031426
44449 2.8203513686337356
44546 2.0226051075873235
39017 2.2134672831721804
44614 3.3569606053895256
42456 2.3560265655457204
44454 2.4421202312298687
46587 4.257438040345824
42344 2.238830539564035
44158 1.983044821830868
38364 3.2988044491492237
44411 2.401884474285298
44806 2.740886295928528
42637 3.8309057328605265
47282 3.3508386893583166
41143 2.298102667645629
43532 2.9138030586766814
39702 2.2783340685657048
47376 4.232531074508313
44434 2.286813894710831
47195 2.2719414005491214
41094 2.235731065166147
43489 2.3456450171005407
46832 3.5318668310727546
47196 2.5830966676983187
47307 2.8817565605704565
39850 3.6109865068258435
45983 2.166519567560638
42432 2.8356361039080915
44165 3.1807218395603196
47294 3.836656997187063
44618 3.5613483575248215
31933 2.419692661159495
39654 2.049429755143789
39748 2.372741508008727
44203 2.8688282792033304
36877 2.195407706093191
43478 2.3658188646354184
44485 2.6967885113428243
47235 3.0436833064785835
36554 2.0881761785831054
42448 2.7574079164375913
47287 3.1537160934611785
42352 2.00127545945075
39960 2.7583957603861595
43490 1.8195108722449653
41113 2.352496483008702
43988 2.777671144568346
44492 3.260968969398133
46331 3.5436900464156733
38253 2.291913904669273
42549 1.7670666307128522
44451 2.1451647826287896
44569 3.197084186267357
42398 3.0548464896326304
42418 2.1288041388838863
46119 2.780187235705212
36696 3.5273422422863545
39671 2.1912916476050435
46133 3.8240373384774347
43672 2.278745777617851
40070 1.7571892005022816
34230 2.6894114898828594
47220 3.3259739579133782
46098 2.8755228441231866
35577 2.1671797893889244
45962 3.0864869977934353
40474 3.323721335131891
44459 2.8375196548907327
41145 2.3315881597149537
38281 2.259891990370215
45187 3.852223461039946
46014 2.5575088404496724
39650 2.3034840687615863
42413 2.2960706101253567
36555 2.1385566538091205
41692 2.8886116266712967
43229 2.797372301519404
38228 3.766588988738155
39656 2.842403972029738
47273 3.096442636695284
47308 2.963017870925618
47784 3.210337176679875
42288 2.9586357232891056
46394 3.852114487050436
36557 2.2071427426143404
47334 3.7819528584985314
33474 2.5393123037330745
45028 3.1635057152662314
41577 2.1048875181422377
35624 2.021462490527915
39583 2.8503902260908256
43119 2.457691477681654
43488 2.340697878148915
35648 2.5829295433838033
45966 2.714021944647041
46021 2.964150272576443
43505 1.9640454549283333
45974 2.78855478257121
47285 2.724062544794266
44527 2.8277456403446197
39664 2.1846753899580853
36630 2.6887919352267686
47820 3.720741437580557
40335 3.3817045345776697
43540 2.393349096662819
47331 3.1830376556987376
40345 4.1581545870148595
41122 2.4531823608416667
41209 2.5487447171560165
41538 2.0265863430495936
46430 4.20304979028055
41152 2.3719707016192695
45099 3.9781406545848066
41664 1.9212382319005985
43066 2.6949098986216966
39809 2.8777960465147556
44440 2.355455498186067
31070 2.63898793945442
40051 3.1121813168778223
43050 2.9118925438341616
