38252 1.4193117847204386
42370 1.4320692473726178
44423 1.6366648586528987
30953 1.1075836399211196
34347 2.241534497078241
46067 1.881844503969894
42404 0.9484879908595887
43826 1.7530271792828418
44860 1.2477063861873519
27363 0.9628476207775833
44067 0.7114020360662702
41084 1.4959662333947237
44629 1.2203877756500947
44825 1.8794116716435703
47412 1.8178286560137367
36579 1.3845879652190414
44934 0.7542134752929586
46066 1.6013063069747013
42359 1.68130108974847
42615 1.4684932490122464
44548 1.0685563480457838
47813 2.155050133732181
34214 1.3473709875395943
34259 0.7959351335222249
44900 1.0075674260277079
45945 0.8196117888790811
45953 1.1186056520611383
47348 0.9157060689458445
46074 2.289288007639092
47278 0.956588772003211
39680 0.8453368885960405
43518 1.7308249807247273
37068 1.421616702134501
43483 1.5136673102596734
36672 0.8160821712696441
39678 0.9855202191541889
45987 1.423596839577601
46465 1.642007169472433
40405 1.8134128818369288
42399 1.1018419063259715
47888 1.7547982089551857
38325 1.469585751969318
40286 1.7984943748798021
44421 1.1136765912040687
35617 1.2068280904401647
34243 1.7197958073213369
42588 0.8787108113544883
46316 1.1822981166496846
44482 0.8961947202346748
47217 1.339632429024597
44037 0.7891163851739029
42346 1.6202560082804485
42600 2.0808091409855614
39771 1.3371844020208898
45061 1.798869106611851
39786 1.4919986968366734
45927 0.9594498557193502
36591 2.253585198853876
43523 0.7745190534081686
38259 0.999961213312976
39956 1.3864937684268661
39038 1.326222770386369
38213 1.3396436354460162
42780 0.7862306603187624
36607 1.1915768416189263
42405 1.519746625539651
46134 2.2914417269795986
26624 0.7876618034382262
45077 0.8227141095015185
36643 1.1219666500081795
39653 1.4414478912027815
47550 1.3346463722776054
41248 1.4327606430972337
47302 1.3872577534135153
44489 1.2307365718631484
45158 1.3930381150860847
39873 1.9156841321996683
46646 2.103019762194249
35611 1.402924528644304
38876 2.1288654727314653
38192 1.6460357699441448
36656 2.019277805253276
36803 1.4832552228838591
36572 1.3390003616775734
36757 0.6521550684801336
39794 0.8003685890525604
44480 0.6935607944330658
45950 1.4847582560455885
44418 0.7771193125824409
43527 0.8998283122421706
39715 1.0708757423665
44647 1.7325949168997323
35570 0.745394466982469
30068 1.417377608400815
39731 0.8082085496130007
45975 1.4738352235448708
39836 0.7917136103657921
42470 1.387987638569714
41086 1.4352188921683111
44424 1.7077276456288102
46038 1.4641875942749212
36573 1.1400225892905267
44433 0.7887144608961206
42406 0.8341083642754816
43656 1.3941392766078382
43550 1.3063107890675
42472 1.3630845020040268
36559 1.4848860780950826
44444 1.6574322999718119
33337 1.275690816881797
37188 1.0835913577304281
46046 1.6265533534511325
38274 0.90971552732412
32103 1.2815799127769956
42348 1.027158166512267
36621 0.8872876354676564
44491 0.8686282498882354
44799 0.9141124701942307
44517 1.2432874238339593
44506 1.5935832753540717
44542 1.6813419846401085
41558 0.7269859596028114
43535 1.4287455106537899
47382 1.4659311321175001
38214 1.059580618065833
41943 1.3307929009611734
44463 1.437875908214651
44511 1.2154146100690453
31266 0.9905698949222959
46299 1.5776773127094978
44449 1.6810650287032747
44546 0.8301334552383173
39017 0.8740332012826694
44614 1.862914519015815
42456 1.549792896335204
44454 1.0709215948032589
46587 2.596914983879222
42344 1.0004622108722605
44158 0.8109752106615706
38364 1.927536765659407
44411 1.1203889383734627
44806 1.3351726965333135
42637 1.900865836791172
47282 1.8302562158255988
41143 0.8318279829153795
43532 1.6942867602233418
39702 1.08459875564546
47376 2.135057635268728
44434 0.8854629714249324
47195 0.9091040275683431
41094 1.3363322124393124
43489 1.2810377310858214
46832 2.03486648066959
47196 1.115005278193997
47307 1.8042741582522461
39850 2.0674057194861697
45983 0.8467024022100691
42432 1.7493677932892684
44165 1.7543945647917671
47294 1.9661426003426308
44618 1.6849889570552206
31933 1.2535392732734552
39654 0.7973362925613097
39748 1.2715244487410091
44203 1.634701530695051
36877 1.3603867428730239
43478 1.1044187906285299
44485 1.2717898036595685
47235 1.717764639465382
36554 0.8214611869626041
42448 1.4946809497788538
47287 1.7866280860301553
42352 0.9062544242547069
39960 1.442438236791356
43490 0.7497543888005781
41113 1.104136431302085
43988 1.6082965462698169
44492 1.6499353163007964
46331 2.138969609954517
38253 0.8849799998151364
42549 0.7087526540235072
44451 0.8115251380505257
44569 1.7637834169898023
42398 1.736109718445107
42418 0.841400196270983
46119 1.3778574838930067
36696 1.9176157513254197
39671 1.0898084341521825
46133 2.1242013074607944
43672 1.0345294800937577
40070 0.7110418436875229
34230 1.5097933302617386
47220 1.6815855957767507
46098 1.736697645463171
35577 1.049532395005536
45962 1.8835938187862462
40474 1.7500431921175095
44459 1.6919816665648775
41145 1.3737078719537381
38281 1.3999505850042084
45187 1.9976068510693974
46014 1.1542807039518859
39650 1.0501756589868452
42413 1.1621038189967117
36555 0.9282331293367119
41692 1.4535365180866051
43229 1.5268488246142917
38228 1.9970444242973873
39656 1.7173203564812904
47273 1.8648112635342062
47308 1.278563931352197
47784 1.787463712689048
42288 1.7477437156323543
46394 2.2892241371900006
36557 1.29194604288191
47334 2.117009318187892
33474 1.6158952886478528
45028 1.9429326131840647
41577 0.8362525350742824
35624 0.7619455875629184
39583 1.3719016244682847
43119 1.555176368583972
43488 0.921763600615932
35648 1.6427690550200953
45966 1.135915462419832
46021 1.6109763936773631
43505 0.8340134009532768
45974 1.5189184851544404
47285 1.5673736504359665
44527 1.3623580666999178
39664 1.0912900924477307
36630 1.5895100327826177
47820 2.158235877294957
40335 1.909190410479143
43540 1.140243503414354
47331 1.2287389705882255
40345 2.4143881846645345
41122 1.0744028780870054
41209 1.2145543688245404
41538 0.8187167017094641
46430 2.422395700581785
41152 1.4803624288862312
45099 2.1779217379194464
41664 0.7630932639186077
43066 1.7747108340040987
39809 1.539328369248608
44440 1.4899781180398766
31070 1.257467298794683
40051 1.7441873625489324
43050 1.485276586232217
